17
173
1088 48 68 48 
1428 48 68 48 
1836 48 68 48 
2108 48 68 48 
2448 48 68 48 
2856 48 68 48 
1088 96 68 48 
1428 96 68 48 
1836 96 68 48 
2108 96 68 48 
2448 96 68 48 
2856 96 68 48 
1088 144 68 48 
1428 144 68 48 
1836 144 68 48 
2108 144 68 48 
2448 144 68 48 
2856 144 68 48 
1088 192 68 48 
1156 192 68 48 
1428 192 68 48 
1836 192 68 48 
2108 192 68 48 
2176 192 68 48 
2448 192 68 48 
2856 192 68 48 
3672 192 68 48 
1156 288 68 48 
1292 288 68 48 
1496 288 68 48 
1564 288 68 48 
1632 288 68 48 
2176 288 68 48 
2312 288 68 48 
2516 288 68 48 
2584 288 68 48 
2652 288 68 48 
3536 288 68 48 
3876 288 68 48 
1156 336 68 48 
1292 336 68 48 
1496 336 68 48 
2176 336 68 48 
2312 336 68 48 
2516 336 68 48 
1156 384 68 48 
1292 384 68 48 
1496 384 68 48 
1632 384 68 48 
2176 384 68 48 
2312 384 68 48 
2516 384 68 48 
2652 384 68 48 
3400 384 68 48 
1156 432 68 48 
1224 432 68 48 
1292 432 68 48 
1496 432 68 48 
1564 432 68 48 
1632 432 68 48 
2176 432 68 48 
2244 432 68 48 
2312 432 68 48 
2516 432 68 48 
2584 432 68 48 
2652 432 68 48 
5440 432 68 48 
3196 480 68 48 
3264 480 68 48 
5372 480 68 48 
5440 480 68 48 
5304 528 68 48 
5372 528 68 48 
5440 528 68 48 
5236 576 68 48 
5304 576 68 48 
5372 576 68 48 
5440 576 68 48 
5168 624 68 48 
5236 624 68 48 
5304 624 68 48 
5372 624 68 48 
5440 624 68 48 
6120 624 68 48 
68 672 68 48 
136 672 68 48 
204 672 68 48 
272 672 68 48 
340 672 68 48 
408 672 68 48 
476 672 68 48 
544 672 68 48 
612 672 68 48 
680 672 68 48 
748 672 68 48 
816 672 68 48 
884 672 68 48 
952 672 68 48 
1020 672 68 48 
1088 672 68 48 
1156 672 68 48 
1224 672 68 48 
1292 672 68 48 
1360 672 68 48 
1428 672 68 48 
1496 672 68 48 
1564 672 68 48 
1632 672 68 48 
1700 672 68 48 
1768 672 68 48 
1836 672 68 48 
1904 672 68 48 
1972 672 68 48 
2040 672 68 48 
2108 672 68 48 
2176 672 68 48 
2244 672 68 48 
2312 672 68 48 
2380 672 68 48 
2448 672 68 48 
2516 672 68 48 
2584 672 68 48 
2652 672 68 48 
2720 672 68 48 
2788 672 68 48 
2856 672 68 48 
2924 672 68 48 
2992 672 68 48 
3060 672 68 48 
3128 672 68 48 
3196 672 68 48 
3264 672 68 48 
3332 672 68 48 
3400 672 68 48 
3468 672 68 48 
3536 672 68 48 
3604 672 68 48 
3672 672 68 48 
3740 672 68 48 
3808 672 68 48 
3876 672 68 48 
3944 672 68 48 
4012 672 68 48 
4080 672 68 48 
4148 672 68 48 
4216 672 68 48 
4284 672 68 48 
4352 672 68 48 
4420 672 68 48 
4488 672 68 48 
4556 672 68 48 
4624 672 68 48 
4692 672 68 48 
4760 672 68 48 
4828 672 68 48 
4896 672 68 48 
4964 672 68 48 
5032 672 68 48 
5100 672 68 48 
5168 672 68 48 
5236 672 68 48 
5304 672 68 48 
5372 672 68 48 
5440 672 68 48 
5508 672 68 48 
5576 672 68 48 
5644 672 68 48 
5712 672 68 48 
5780 672 68 48 
5848 672 68 48 
5916 672 68 48 
5984 672 68 48 
6052 672 68 48 
0
0
1
3876 96 68 48 0 1 
0
1
5780 96 134 576 
18
3128 660 68 12 0 
3196 660 68 12 0 
3264 660 68 12 0 
3332 660 68 12 0 
3400 660 68 12 0 
3468 660 68 12 0 
3536 660 68 12 0 
3604 660 68 12 0 
3672 660 68 12 0 
3740 660 68 12 0 
3808 660 68 12 0 
3876 660 68 12 0 
3944 660 68 12 0 
4148 660 68 12 0 
4352 660 68 12 0 
4556 660 68 12 0 
4760 660 68 12 0 
4964 660 68 12 0 
5
-842146575 -842150422 68 48 -842150451 1 -842150451 -842150451 -842150450 
-842146575 -842150422 68 48 -842150451 1 -842150451 -842150451 -842150450 
-842146575 -842150422 68 48 -842150451 1 -842150451 -842150451 -842150450 
-842146575 -842150422 68 48 -842150451 1 -842150451 -842150451 -842150450 
-842146575 -842150422 68 48 -842150451 1 -842150451 -842150451 -842150450 
0
0
0
4217
2000
-4353
-842150451
4865
634
54
38
0
0
68
76
1
1
217
0
0
0
893
0
1 0 0 0 66109704 842149795 